0
0
0
0
1
1
1
1
1
1
10
10
10
10
100
100
100
100
101
101
101
101
101
101
101
101
101
101
101
101
101
101
101
101
102
102
102
102
102
102
103
103
103
103
103
103
103
103
103
103
104
104
105
105
105
105
105
105
106
106
106
106
106
106
106
106
106
106
107
107
107
107
1085
109
109
11
11
110
110
110
110
113
113
113
113
113
113
113
113
113
113
113
113
113
113
113
113
113
113
113
113
113
113
113
113
115
115
117
117
117
117
117
117
117
117
117
117
117
117
117
118
118
118
118
12
12
12
12
120
120
120
120
121
121
121
121
121
121
121
121
121
121
121
121
121
121
121
121
121
121
122
122
126
126
127
127
128
128
128
128
128
128
128
128
128
128
128
128
128
128
128
128
128
128
129
129
129
129
129
129
129
129
129
129
129
129
129
129
129
129
129
129
129
129
129
129
13
13
130
130
131
131
133
133
133
133
133
133
133
133
135
135
136
136
136
136
136
136
136
136
136
136
136
136
137
137
137
137
137
137
137
137
137
137
137
137
137
137
137
137
137
137
137
137
139
14
14
14
14
14
14
14
14
142
142
143
143
143
143
143
143
144
144
144
144
144
144
144
144
144
144
147
147
147
147
147
147
147
147
147
147
147
147
147
147
147
147
147
147
147
147
147
147
148
148
148
148
148
148
148
148
149
149
149
149
15
15
15
15
15
15
15
15
150
150
150
150
151
151
151
151
151
151
151
151
152
152
152
152
152
152
152
152
155
155
155
155
155
156
156
156
156
156
156
156
156
156
156
156
156
156
156
156
156
157
159
159
16
16
16
16
16
16
16
16
16
16
16
16
16
16
161
161
162
162
162
162
163
163
163
163
163
163
163
163
164
164
164
164
165
165
165
165
166
166
166
166
167
167
167
167
167
167
169
169
169
169
17
170
170
170
170
170
170
170
170
170
170
171
171
171
171
171
171
171
171
173
173
174
174
175
175
177
177
177
177
177
177
178
178
178
178
178
178
178
178
178
178
18
18
18
18
18
18
180
180
180
180
180
180
181
181
181
181
183
183
184
184
184
184
185
185
185
185
185
185
185
185
185
185
185
186
186
186
186
186
186
187
187
187
187
187
187
187
187
188
188
188
188
189
189
189
189
19
19
19
19
19
19
19
19
190
190
191
191
191
191
191
191
192
192
193
193
193
193
193
193
193
193
197
197
197
197
197
197
197
197
199
199
199
199
20
20
20
20
20
20
20
20
200
200
200
200
200
200
200
200
200
200
200
200
200
200
200
200
200
200
200
200
201
201
201
201
204
204
204
204
204
204
205
205
205
205
207
207
207
207
208
208
208
208
208
208
208
208
208
208
209
209
210
210
213
213
214
214
214
214
214
214
215
215
215
215
216
216
216
216
216
216
216
216
216
216
216
216
216
216
216
216
217
217
217
218
218
218
218
219
219
219
219
22
22
220
220
220
220
221
221
222
222
223
223
223
223
224
224
224
224
226
226
226
226
226
226
227
227
227
227
229
229
23
23
23
23
23
23
23
23
230
230
230
230
230
230
230
230
230
230
230
230
230
230
230
230
230
230
231
231
231
231
231
231
234
234
234
234
234
234
234
234
234
234
234
234
234
234
234
234
234
234
234
234
234
234
234
234
234
234
234
234
235
235
235
235
235
235
235
235
236
236
236
236
238
238
238
238
238
238
239
239
239
239
239
239
24
24
241
241
242
242
242
242
243
243
243
243
243
246
246
246
246
248
248
248
248
249
249
249
249
249
249
249
249
249
249
249
249
250
250
250
250
250
250
250
250
250
250
250
250
250
250
250
250
250
250
250
250
250
250
254
254
254
254
254
254
256
256
257
257
257
257
257
257
257
257
257
257
257
257
257
257
257
257
258
258
258
258
26
26
26
26
26
26
26
26
260
260
260
260
262
262
264
264
264
264
264
264
265
265
265
265
265
265
265
265
265
265
265
265
265
265
266
266
267
267
268
268
269
269
27
27
27
27
27
27
27
27
272
272
272
272
272
272
273
273
273
273
273
273
273
273
274
274
274
274
275
275
276
276
276
276
277
277
277
277
278
278
278
278
279
279
279
279
28
28
28
28
280
280
280
280
280
280
283
283
284
284
284
284
284
284
284
284
284
284
284
284
284
284
284
284
285
285
286
286
286
286
287
287
287
287
288
288
288
288
288
288
288
288
29
29
29
29
291
291
291
291
291
291
292
292
292
292
293
293
294
294
294
294
295
295
297
297
298
298
298
298
298
298
298
298
298
298
299
299
299
299
299
299
30
30
30
30
30
30
30
30
300
300
300
300
300
300
301
301
301
301
303
303
303
303
304
304
304
304
304
304
305
305
306
306
306
306
306
306
306
306
308
308
308
308
309
309
31
31
31
31
31
31
31
31
313
313
313
313
313
314
314
314
314
314
314
314
314
314
314
315
317
317
317
317
317
317
317
317
317
317
317
317
317
317
318
318
318
318
318
318
320
320
321
321
321
321
321
321
321
321
321
321
321
321
322
322
322
322
322
322
326
326
327
327
327
327
328
328
328
328
328
328
329
329
329
329
329
33
33
330
330
333
333
333
333
334
334
334
334
334
334
334
334
335
335
335
335
336
336
336
336
336
336
336
336
336
336
336
336
337
337
337
337
337
337
337
337
337
337
337
337
337
337
337
337
34
34
34
34
34
34
34
34
34
34
34
34
341
341
343
343
344
344
344
344
344
344
345
345
347
347
347
347
347
347
347
347
347
347
347
347
347
347
349
349
35
35
35
35
351
351
351
351
351
351
351
351
352
352
352
352
353
353
355
355
355
355
355
355
355
355
356
356
356
356
358
358
359
36
36
36
36
360
360
360
360
362
362
362
362
363
363
363
363
363
363
363
363
363
363
363
363
363
363
364
364
364
364
366
366
367
367
367
367
367
367
367
367
37
37
37
37
370
370
370
370
370
370
371
371
371
371
371
371
371
371
372
372
375
375
375
375
377
377
377
377
377
377
378
378
378
378
378
378
378
378
378
378
378
378
378
378
378
378
379
379
38
38
38
38
380
380
382
382
382
382
383
383
383
383
385
385
385
385
385
385
385
385
385
385
385
385
386
386
386
386
386
386
386
386
386
386
386
386
386
386
386
386
387
387
387
387
387
387
39
39
39
39
390
390
390
390
391
391
391
393
393
394
394
394
394
395
395
396
396
397
397
397
397
397
397
399
399
4
4
4
4
4
4
401
401
401
401
401
401
401
401
401
401
401
401
401
401
404
404
404
404
405
405
405
405
405
405
405
405
406
406
407
407
407
407
409
409
41
41
41
41
41
41
41
41
41
41
41
411
412
412
413
413
414
414
414
414
415
415
415
415
416
416
416
416
417
417
417
417
417
417
419
419
42
42
42
42
42
42
420
420
421
421
421
421
421
421
421
421
421
421
421
421
422
422
423
423
423
423
424
424
426
426
427
427
427
427
427
427
43
43
43
43
43
43
430
430
430
430
431
431
433
433
434
434
434
434
434
434
434
434
434
434
435
435
435
435
435
435
435
435
435
435
435
435
438
438
438
438
44
44
44
44
442
442
442
442
442
442
443
443
443
443
443
445
445
447
447
447
447
447
447
448
448
449
449
450
450
450
450
450
450
450
450
450
450
451
451
451
454
454
454
454
456
456
457
457
457
457
458
458
46
46
46
46
462
462
464
464
464
464
464
464
464
464
464
464
464
464
464
464
465
465
465
465
465
465
465
465
465
465
465
465
466
466
466
466
469
469
470
470
470
470
472
472
472
472
473
473
473
473
473
473
473
473
473
473
473
473
474
474
475
475
476
476
476
476
477
477
479
479
48
48
48
48
480
480
481
481
483
483
483
483
483
483
483
483
484
484
484
484
484
484
484
484
484
484
484
484
484
484
488
488
488
488
488
488
488
488
488
488
49
49
49
49
49
49
49
49
49
49
49
49
491
491
491
491
491
491
492
492
492
492
492
492
493
493
495
495
498
498
498
498
499
499
499
499
499
499
50
50
50
50
50
50
50
50
50
50
50
50
50
50
50
50
500
500
500
500
503
503
504
504
504
504
504
504
506
506
506
506
507
507
507
507
507
507
507
507
508
508
508
508
508
508
511
511
511
511
514
514
514
514
514
514
514
514
514
514
514
514
514
514
517
517
517
518
518
518
518
519
519
52
52
52
52
520
520
522
522
522
522
522
522
522
522
522
522
523
523
525
525
525
525
527
527
53
53
53
53
530
530
530
530
532
532
533
533
533
533
534
534
534
534
534
534
534
534
534
534
534
534
534
534
535
535
536
536
536
536
538
538
538
538
538
538
54
54
543
543
544
544
544
544
548
548
548
548
548
548
548
548
55
55
550
550
551
551
551
551
551
551
551
551
552
552
552
552
553
553
555
56
56
56
56
560
560
562
562
563
563
563
563
563
563
563
563
564
564
564
564
564
564
566
566
567
567
567
567
568
568
57
57
57
57
57
57
57
570
570
570
570
570
570
571
571
571
571
571
571
571
571
571
572
572
575
575
577
577
577
577
578
578
578
578
579
579
58
58
58
58
582
582
585
585
585
585
585
586
586
586
586
586
586
587
587
590
590
591
591
592
592
593
593
594
594
594
594
594
594
594
594
598
598
598
598
599
599
60
60
60
60
60
60
60
60
601
601
601
601
601
601
601
601
601
601
601
601
604
604
605
605
606
606
608
608
609
609
609
609
61
61
61
61
610
610
611
611
612
612
612
612
612
612
612
612
612
612
613
613
613
613
617
617
617
617
617
617
619
619
619
619
620
620
620
620
620
620
620
620
620
620
621
621
621
621
621
621
621
621
621
621
625
625
625
627
627
628
628
63
63
63
63
63
63
631
631
635
635
635
635
635
635
635
635
635
635
635
635
635
635
635
635
636
636
637
637
639
639
639
639
64
64
64
64
64
64
64
64
640
640
645
645
647
647
65
65
65
65
65
65
651
651
651
651
651
651
651
651
651
651
651
651
653
654
654
655
655
655
655
661
661
661
661
663
663
664
664
664
664
664
664
667
667
669
669
67
67
67
67
672
672
672
672
673
673
673
673
677
677
677
677
679
679
68
68
68
68
681
681
681
681
681
681
683
683
685
688
688
688
688
69
69
69
69
69
69
69
69
69
69
691
691
691
691
692
692
695
695
695
695
698
698
699
699
699
699
699
699
7
7
7
7
70
70
700
700
700
700
700
700
704
704
704
704
706
706
707
707
707
707
707
707
708
708
71
71
71
71
71
71
713
713
714
714
714
714
714
714
714
714
715
715
718
718
719
719
72
72
72
72
72
72
72
72
722
722
722
722
722
722
722
722
722
722
723
723
723
723
726
726
727
727
727
727
729
729
732
732
733
733
733
733
734
734
738
738
738
738
738
738
738
738
74
74
74
74
740
740
741
741
741
741
741
741
742
742
748
748
748
748
748
748
748
748
750
750
750
750
754
754
756
756
756
756
757
757
764
764
764
764
764
764
764
764
764
764
768
768
768
768
768
768
768
768
772
772
773
78
78
78
78
78
78
78
78
782
782
782
782
782
782
784
784
79
79
79
79
79
79
79
79
79
79
791
792
792
798
798
798
798
8
8
8
8
8
8
8
8
8
8
80
80
80
80
80
80
800
800
801
801
801
801
801
801
809
809
810
810
811
816
816
819
819
82
82
820
820
820
820
825
825
827
828
828
828
828
828
828
829
83
83
83
83
83
83
835
835
835
835
837
837
84
84
84
84
84
84
842
842
842
842
843
843
844
844
847
847
851
851
851
851
851
851
851
851
855
855
855
855
856
856
859
86
86
86
86
861
861
861
861
869
869
869
869
869
869
87
87
87
87
87
87
87
87
87
87
87
87
87
87
87
87
87
87
87
87
87
87
87
87
87
87
87
87
87
87
87
87
870
870
870
870
871
871
88
88
88
88
88
88
883
885
885
885
885
885
885
897
897
897
897
9
9
9
9
9
9
90
90
90
90
91
91
911
911
911
911
929
929
93
93
93
93
938
938
94
94
94
94
948
948
95
95
956
956
957
957
97
97
97
97
97
97
97
97
972
972
98
98
98
98
98
98
98
98
984
984
99
99
99
99
99
99
998
998
998
998
