-3
-14
-29
-45
-49
-54
-62
-75
-76
-86
-93
-95
-98
-96
-112
-108
-110
-118
-129
-131
-141
-152
-170
-180
-191
-199
-204
-219
-229
-230
-233
-236
-234
-246
-240
-247
-251
-248
-252
-249
-256
-264
-264
-267
-270
-278
-280
-273
-264
-261
-257
-263
-254
-253
-251
-252
-243
-237
-233
-231
-231
-227
-219
-221
-219
-229
-234
-240
-247
-256
-268
-273
-280
-289
-298
-303
-316
-329
-348
-352
-358
-364
-365
-368
-377
-390
-398
-406
-407
-420
-425
-435
-445
-441
-441
-439
-439
-433
-414
-414
-416
-415
-416
-416
-419
-414
-420
-417
-415
-424
-423
-433
-442
-445
-454
-455
-459
-462
-475
-477
-481
-481
-495
-494
-500
-507
-521
-523
-523
-533
-539
-537
-536
-538
-536
-542
-547
-562
-561
-551
-564
-576
-590
-592
-586
-581
-579
-581
-577
-571
-560
-554
-563
-568
-571
-566
-573
-573
-578
-583
-584
-585
-588
-595
-598
-593
-598
-591
-599
-602
-599
-599
-590
-586
-586
-592
-591
-591
-585
-583
-587
-593
-591
-584
-577
-578
-576
-571
-569
-572
-573
-554
-542
-530
-530
-529
-541
-545
-544
-545
-541
-528
-518
-522
-527
-524
-515
-526
-525
-523
-518
-515
-516
-513
-513
-514
-515
-515
-508
-500
-508
-508
-513
-510
-511
-518
-531
-536
-538
-545
-553
-551
-559
-560
-563
-567
-569
-585
-593
-593
-591
-592
-598
-602
-601
-597
-603
-607
-602
-603
-606
-604
-603
-604
-603
-602
-605
-617
-620
-620
-627
-624
-627
-627
-632
-646
-646
-650
-652
-654
-657
-659
-664
-668
-676
-683
-687
-697
-698
-692
-695
-689
-696
-700
-696
-698
-697
-689
-682
-691
-691
-695
-694
-692
-694
-696
-698
-697
-689
-684
-685
-687
-686
-685
-686
-687
-688
-695
-702
-710
-709
-709
-709
-710
-715
-723
-729
-728
-733
-741
-746
-749
-747
-749
-757
-756
-754
-761
-759
-761
-756
-763
-762
-769
-779
-784
-789
-797
-800
-805
-809
-813
-831
-840
-836
-841
-845
-837
-848
-860
-856
-862
-871
-873
-872
-858
-851
-857
-854
-855
-855
-851
-853
-860
-867
-873
-871
-871
-872
-870
-875
-866
-864
-868
-868
-869
-874
-878
-879
-893
-905
-918
-929
-931
-941
-944
-960
-972
-975
-971
-976
-983
-985
-985
-989
-987
-980
-966
-976
-977
-982
-992
-1000
-1015
-1022
-1033
-1047
-1059
-1069
-1070
-1072
-1081
-1091
-1099
-1096
-1117
-1124
-1149
-1153
-1164
-1169
-1175
-1187
-1200
-1216
-1221
-1226
-1235
-1243
-1244
-1260
-1260
-1264
-1268
-1267
-1268
-1280
-1283
-1281
-1289
-1297
-1301
-1312
-1320
-1341
-1351
-1359
-1370
-1375
-1383
-1396
-1400
-1403
-1403
-1401
-1400
-1410
-1410
-1423
-1423
-1427
-1428
-1431
-1424
-1425
-1424
-1425
-1432
-1441
-1443
-1449
-1462
-1465
-1462
-1464
-1477
-1477
-1478
-1483
-1475
-1473
-1468
-1465
-1473
-1493
-1498
-1490
-1494
-1494
-1488
-1485
-1484
-1479
-1478
-1473
-1476
-1478
-1485
-1489
-1486
-1495
-1509
-1511
-1510
-1516
-1524
-1534
-1537
-1531
-1523
-1527
-1537
-1536
-1543
-1545
-1548
-1542
-1542
-1543
-1541
-1540
-1540
-1546
-1551
-1556
-1569
-1579
-1589
-1590
-1591
-1604
-1607
-1611
-1618
-1621
-1631
-1638
-1645
-1655
-1666
-1671
-1672
-1680
-1683
-1686
-1698
-1707
-1714
-1726
-1728
-1741
-1743
-1746
-1753
-1756
-1770
-1776
-1783
-1792
-1798
-1797
-1807
-1809
-1819
-1820
-1831
-1832
-1833
-1838
-1839
-1839
-1841
-1840
-1839
-1840
-1842
-1843
-1844
-1838
-1840
-1850
-1854
-1854
-1851
-1838
-1843
-1856
-1863
-1866
-1868
-1859
-1857
-1858
-1851
-1853
-1853
-1855
-1855
-1851
-1851
-1847
-1850
-1856
-1860
-1862
-1864
-1856
-1851
-1844
-1843
-1845
-1847
-1854
-1858
-1857
-1851
-1853
-1855
-1865
-1866
-1866
-1866
-1866
-1867
-1868
-1873
-1871
-1872
-1878
-1877
-1877
-1889
-1888
-1891
-1892
-1901
-1902
-1909
-1905
-1910
-1927
-1933
-1934
-1934
-1929
-1925
-1920
-1920
-1914
-1905
-1895
-1889
-1897
-1896
-1890
-1890
-1885
-1880
-1878
-1877
-1871
-1879
-1881
-1883
-1895
-1901
-1911
-1915
-1920
-1919
-1918
-1914
-1910
-1924
-1930
-1931
-1938
-1940
-1950
-1958
-1958
-1959
-1957
-1956
-1952
-1967
-1969
-1966
-1975
-1980
-1975
-1977
-1977
-1980
-1982
-1982
-1980
-1986
-1987
-1995
-1999
-1997
-1988
-1989
-1991
-1995
-1993
-2001
-1997
-1996
-1993
-2005
-2019
-2017
-2019
-2018
-2015
-2025
-2033
-2040
-2041
-2041
-2041
-2039
-2039
-2049
-2050
-2054
-2053
-2060
-2056
-2060
-2057
-2054
-2063
-2060
-2074
-2081
-2083
-2093
-2098
-2107
-2114
-2119
-2123
-2126
-2131
-2137
-2140
-2149
-2156
-2150
-2153
-2155
-2154
-2153
-2152
-2160
-2159
-2155
-2156
-2151
-2134
-2145
-2150
-2156
-2158
-2157
-2153
-2153
-2152
-2155
-2161
-2174
-2184
-2199
-2202
-2207
-2210
-2217
-2228
-2237
-2241
-2252
-2262
-2265
-2271
-2272
-2272
-2276
-2272
-2273
-2279
-2276
-2274
-2295
-2302
-2300
-2319
-2320
-2336
-2349
-2359
-2370
-2377
-2383
-2381
-2373
-2376
-2381
-2378
-2379
-2381
-2371
-2379
-2384
-2393
-2394
-2388
-2389
-2389
-2383
-2389
-2390
-2378
-2374
-2382
-2386
-2379
-2390
-2391
-2390
-2388
-2384
-2382
-2374
-2363
-2371
-2380
-2382
-2379
-2388
-2386
-2385
-2379
-2382
-2380
-2380
-2386
-2395
-2388
-2399
-2404
-2409
-2404
-2397
-2393
-2392
-2386
-2393
-2395
-2401
-2407
-2418
-2418
-2415
-2415
-2416
-2420
-2426
-2433
-2432
-2431
-2425
-2422
-2417
-2422
-2420
-2416
-2412
-2413
-2413
-2406
-2405
-2409
-2413
-2415
-2415
-2415
-2426
-2436
-2437
-2429
-2432
-2436
-2434
-2429
-2424
-2425
-2427
-2432
-2430
-2437
-2432
-2432
-2434
-2427
-2419
-2413
-2410
-2416
-2418
-2419
-2417
-2427
-2433
-2432
-2426
-2425
-2419
-2415
-2418
-2416
-2411
-2414
-2409
-2398
-2381
-2371
-2372
-2375
-2379
-2388
-2395
-2401
-2410
-2413
-2422
-2423
-2407
-2406
-2416
-2416
-2412
-2408
-2406
-2409
-2407
-2405
-2407
-2411
-2404
-2406
-2406
-2400
-2401
-2393
-2403
-2405
-2404
-2399
-2399
-2409
-2403
-2403
-2396
-2383
-2380
-2378
-2367
-2357
-2350
-2357
-2356
-2360
-2356
-2352
-2345
-2346
-2341
-2337
-2336
-2354
-2375
-2382
-2390
-2398
-2398
-2409
-2416
-2418
-2413
-2413
-2402
-2402
-2395
-2391
-2391
-2390
-2382
-2383
-2384
-2384
-2391
-2403
-2407
-2413
-2413
-2423
-2434
-2442
-2447
-2447
-2458
-2472
-2481
-2493
-2501
-2512
-2528
-2526
-2528
-2537
-2539
-2546
-2549
-2554
-2554
-2553
-2554
-2558
-2559
-2569
-2574
-2574
-2582
-2592
-2587
-2584
-2586
-2593
-2595
-2599
-2602
-2606
-2604
-2610
-2615
-2620
-2619
-2630
-2633
-2643
-2652
-2660
-2676
-2675
-2673
-2669
-2664
-2677
-2690
-2693
-2689
-2696
-2700
-2707
-2710
-2721
-2725
-2722
-2718
-2704
-2690
-2684
-2684
-2688
-2683
-2682
-2679
-2681
-2678
-2684
-2682
-2675
-2676
-2672
-2677
-2678
-2674
-2672
-2672
-2671
-2664
-2669
-2672
-2672
-2664
-2655
-2652
-2656
-2653
-2663
-2665
-2673
-2682
-2678
-2671
-2665
-2660
-2650
-2641
-2655
-2658
-2657
-2659
-2662
-2667
-2679
-2688
-2697
-2712
-2711
-2717
-2720
-2727
-2725
-2718
-2718
-2721
-2720
-2726
-2722
-2735
-2750
-2760
-2765
-2773
-2780
-2781
-2776
-2773
-2779
-2793
-2797
-2794
-2794
-2803
-2804
-2808
-2808
-2806
-2800
-2818
-2817
-2815
-2816
-2804
-2807
-2808
-2809
-2814
-2828
-2838
-2839
-2834
-2833
-2829
-2832
-2841
-2841
-2832
-2839
-2846
-2849
-2860
-2873
-2867
-2867
-2867
-2878
-2890
-2896
-2904
-2910
-2913
-2926
-2938
-2945
-2947
-2957
-2973
-2983
-2982
-2972
-2977
-2984
-2987
-2987
-2990
-2982
-2978
-2973
-2973
-2971
-2973
-2974
-2973
-2970
-2967
-2959
-2954
-2955
-2950
-2943
-2944
-2935
-2928
-2926
-2921
-2913
-2908
-2914
-2929
-2937
-2949
-2957
-2964
-2969
-2962
-2964
-2958
-2962
-2970
-2968
-2971
-2973
-2972
-2973
-2961
-2957
-2963
-2961
-2972
-2971
-2955
-2959
-2952
-2949
-2968
-2969
-2962
-2965
-2961
-2957
-2949
-2948
-2956
-2961
-2966
-2969
-2971
-2966
-2964
-2949
-2946
-2946
-2948
-2950
-2952
-2946
-2951
-2951
-2947
-2957
-2965
-2965
-2974
-2976
-2977
-2975
-2982
-2992
-2994
-2998
-2997
-2989
-2988
-2987
-2990
-2981
-2966
-2961
-2960
-2958
-2946
-2951
-2951
-2953
-2954
-2967
-2970
-2965
-2973
-2981
-2981
-2978
-2976
-2982
-2982
-2999
-3004
-3003
-3003
-3000
-3000
-2999
-2991
-2993
-2989
-2991
-2997
-3003
-3003
-3012
-3014
-3009
-3019
-3021
-3023
-3032
-3038
-3038
-3031
-3041
-3040
-3048
-3048
-3047
-3056
-3060
-3063
-3066
-3064
-3061
-3060
-3058
-3065
-3085
-3099
-3095
-3092
-3087
-3091
-3090
-3077
-3070
-3073
-3072
-3071
-3075
-3074
-3074
-3080
-3071
-3073
-3068
-3072
-3069
-3063
-3071
-3076
-3081
-3084
-3083
-3082
-3083
-3077
-3072
-3064
-3064
-3070
-3071
-3064
-3064
-3060
-3051
-3048
-3050
-3053
-3068
-3067
-3073
-3081
-3088
-3090
-3100
-3109
-3114
-3104
-3102
-3100
-3094
-3090
-3089
-3097
-3094
-3091
-3090
-3083
-3075
-3070
-3063
-3064
-3063
-3058
-3067
-3084
-3100
-3099
-3108
-3116
-3123
-3122
-3131
-3136
-3124
-3130
-3128
-3128
-3124
-3125
-3128
-3123
-3126
-3128
-3125
-3123
-3122
-3118
-3123
-3121
-3108
-3119
-3122
-3117
-3121
-3115
-3105
-3107
-3097
-3100
-3104
-3109
-3101
-3099
-3100
-3103
-3097
-3085
-3082
-3082
-3077
-3061
-3065
-3061
-3062
-3064
-3061
-3050
-3047
-3039
-3040
-3042
-3039
-3041
-3039
-3039
-3035
-3032
-3027
-3020
-3021
-3032
-3033
-3045
-3053
-3069
-3076
-3081
-3071
-3068
-3067
-3075
-3071
-3077
-3086
-3089
-3083
-3076
-3075
-3071
-3066
-3061
-3055
-3063
-3069
-3082
-3094
-3103
-3102
-3101
-3107
-3106
-3113
-3131
-3132
-3140
-3141
-3154
-3167
-3175
-3172
-3172
-3172
-3161
-3154
-3158
-3154
-3147
-3144
-3144
-3148
-3152
-3160
-3168
-3173
-3171
-3174
-3172
-3177
-3184
-3185
-3180
-3187
-3195
-3199
-3206
-3219
-3225
-3230
-3245
-3247
-3251
-3270
-3280
-3284
-3283
-3284
-3287
-3285
-3279
-3270
-3266
-3268
-3271
-3265
-3261
-3257
-3258
-3249
-3239
-3241
-3243
-3235
-3227
-3223
-3215
-3210
-3207
-3197
-3197
-3209
-3212
-3210
-3206
-3193
-3193
-3185
-3183
-3188
-3189
-3184
-3186
-3192
-3198
-3212
-3218
-3216
-3223
-3229
-3230
-3234
-3235
-3232
-3225
-3217
-3217
-3206
-3206
-3201
-3196
-3196
-3207
-3215
-3216
-3207
-3203
-3201
-3201
-3201
-3197
-3192
-3196
-3194
-3211
-3208
-3198
-3200
-3195
-3195
-3190
-3183
-3175
-3174
-3180
-3184
-3189
-3181
-3182
-3181
-3170
-3167
-3162
-3164
-3166
-3171
-3172
-3169
-3163
-3165
-3166
-3166
-3168
-3180
-3180
-3179
-3175
-3170
-3176
-3170
-3163
-3166
-3165
-3160
-3170
-3179
-3183
-3182
-3177
-3180
-3188
-3187
-3188
-3182
-3186
-3187
-3190
-3190
-3186
-3193
-3200
-3201
-3199
-3199
-3201
-3204
-3208
-3214
-3218
-3233
-3231
-3242
-3246
-3245
-3242
-3248
-3245
-3247
-3251
-3247
-3250
-3246
-3255
-3257
-3260
-3265
-3264
-3263
-3261
-3246
-3249
-3248
-3250
-3256
-3267
-3262
-3271
-3276
-3284
-3288
-3286
-3295
-3296
-3299
-3298
-3294
-3299
-3300
-3300
-3303
-3303
-3297
-3295
-3295
-3293
-3301
-3306
-3311
-3309
-3305
-3310
-3315
-3332
-3337
-3336
-3330
-3321
-3320
-3313
-3313
-3318
-3318
-3319
-3318
-3323
-3323
-3321
-3320
-3321
-3321
-3317
-3304
-3299
-3296
-3292
-3293
-3295
-3286
-3278
-3283
-3283
-3282
-3283
-3284
-3279
-3272
-3269
-3263
-3280
-3286
-3298
-3306
-3309
-3311
-3306
-3304
-3312
-3308
-3305
-3301
-3301
-3299
-3303
-3312
-3327
-3333
-3335
-3336
-3330
-3340
-3357
-3366
-3370
-3373
-3377
-3385
-3383
-3371
-3367
-3358
-3342
-3346
-3352
-3363
-3377
-3384
-3387
-3391
-3391
-3400
-3401
-3402
-3397
-3409
-3413
-3411
-3419
-3416
-3413
-3419
-3415
-3417
-3426
-3438
-3437
-3446
-3455
-3460
-3467
-3469
-3467
-3460
-3451
-3457
-3459
-3469
-3473
-3474
-3460
-3464
-3467
-3475
-3480
-3476
-3473
-3477
-3489
-3496
-3506
-3510
-3516
-3518
-3516
-3521
-3529
-3529
-3522
-3532
-3534
-3538
-3544
-3541
-3540
-3540
-3539
-3537
-3522
-3526
-3530
-3525
-3516
-3515
-3515
-3503
-3483
-3472
-3466
-3476
-3477
-3482
-3492
-3500
-3515
-3522
-3532
-3547
-3559
-3569
-3570
-3572
-3581
-3590
-3599
-3596
-3617
-3624
-3649
-3653
-3664
-3669
-3675
-3687
-3700
-3716
-3721
-3726
-3735
-3743
-3744
-3760
-3760
-3764
-3768
-3767
-3768
-3779
-3783
-3781
-3789
-3796
-3801
-3812
-3820
-3841
-3851
-3859
-3870
-3875
-3883
-3896
-3900
-3903
-3903
-3901
-3900
-3903
-3902
-3890
-3878
-3870
-3873
-3868
-3865
-3873
-3874
-3872
-3864
-3859
-3860
-3864
-3870
-3866
-3859
-3861
-3860
-3854
-3858
-3860
-3864
-3866
-3875
-3879
-3878
-3892
-3887
-3886
-3893
-3890
-3897
-3909
-3912
-3914
-3924
-3935
-3946
-3936
-3936
-3945
-3960
-3962
-3959
-3970
-3977
-3976
-3983
-3978
-3985
-3997
-4000
-4005
-4004
-4008
-4018
-4026
-4021
-4022
-4028
-4029
-4032
-4041
-4050
-4060
-4069
-4079
-4086
-4085
-4084
-4085
-4090
-4097
-4096
-4099
-4096
-4097
-4098
-4098
-4097
-4092
-4095
-4104
-4111
-4111
-4118
-4119
-4116
-4118
-4113
-4115
-4119
-4128
-4130
-4134
-4145
-4150
-4154
-4156
-4174
-4172
-4174
-4178
-4176
-4178
-4177
-4184
-4181
-4178
-4179
-4182
-4184
-4193
-4194
-4193
-4191
-4189
-4183
-4187
-4196
-4204
-4206
-4196
-4187
-4185
-4182
-4182
-4173
-4166
-4165
-4153
-4149
-4158
-4166
-4175
-4184
-4188
-4198
-4207
-4204
-4223
-4223
-4221
-4222
-4224
-4228
-4228
-4240
-4249
-4247
-4251
-4253
-4240
-4234
-4235
-4240
-4247
-4246
-4241
-4224
-4223
-4217
-4223
-4222
-4226
-4226
-4233
-4228
-4229
-4225
-4224
-4213
-4213
-4211
-4211
-4214
-4211
-4216
-4216
-4218
-4223
-4223
-4213
-4207
-4207
-4207
-4197
-4190
-4191
-4187
-4183
-4177
-4162
-4152
-4163
-4153
-4150
-4150
-4153
-4152
-4147
-4150
-4146
-4138
-4127
-4123
-4120
-4120
-4112
-4105
-4098
-4091
-4084
-4080
-4074
-4065
-4060
-4059
-4045
-4039
-4044
-4049
-4043
-4051
-4051
-4052
-4053
-4055
-4054
-4051
-4054
-4044
-4044
-4041
-4028
-4022
-4025
-4023
-4015
-4013
-4002
-3990
-3985
-3976
-3973
-3962
-3957
-3956
-3958
-3971
-3972
-3976
-3976
-3974
-3970
-3965
-3961
-3954
-3953
-3954
-3949
-3956
-3935
-3920
-3915
-3913
-3923
-3923
-3926
-3920
-3916
-3912
-3908
-3898
-3898
-3887
-3885
-3883
-3881
-3876
-3871
-3865
-3858
-3855
-3850
-3850
-3848
-3841
-3840
-3840
-3839
-3835
-3833
-3831
-3838
-3833
-3838
-3835
-3835
-3827
-3828
-3825
-3817
-3812
-3811
-3801
-3791
-3791
-3786
-3784
-3784
-3785
-3787
-3789
-3796
-3796
-3795
-3798
-3795
-3795
-3789
-3780
-3776
-3777
-3778
-3771
-3758
-3760
-3753
-3754
-3752
-3752
-3751
-3746
-3738
-3731
-3731
-3723
-3719
-3720
-3718
-3715
-3704
-3692
-3689
-3680
-3666
-3656
-3653
-3651
-3650
-3653
-3644
-3643
-3636
-3626
-3618
-3597
-3601
-3605
-3601
-3602
-3611
-3608
-3596
-3588
-3587
-3595
-3601
-3589
-3581
-3581
-3581
-3585
-3588
-3595
-3591
-3597
-3608
-3606
-3602
-3589
-3580
-3579
-3577
-3579
-3579
-3571
-3559
-3552
-3545
-3536
-3520
-3518
-3507
-3498
-3487
-3490
-3484
-3490
-3501
-3501
-3501
-3498
-3493
-3486
-3488
-3482
-3483
-3488
-3482
-3479
-3477
-3473
-3467
-3471
-3471
-3471
-3475
-3471
-3469
-3467
-3456
-3455
-3452
-3440
-3434
-3423
-3421
-3422
-3422
-3415
-3399
-3401
-3400
-3400
-3393
-3392
-3390
-3388
-3389
-3388
-3379
-3377
-3374
-3368
-3370
-3358
-3366
-3371
-3376
-3382
-3394
-3395
-3400
-3400
-3404
-3401
-3401
-3399
-3384
-3382
-3380
-3380
-3375
-3369
-3371
-3359
-3352
-3351
-3349
-3365
-3368
-3363
-3369
-3380
-3383
-3380
-3386
-3387
-3378
-3378
-3378
-3372
-3367
-3359
-3353
-3342
-3342
-3348
-3354
-3359
-3366
-3367
-3365
-3364
-3374
-3379
-3377
-3377
-3370
-3367
-3373
-3387
-3391
-3390
-3390
-3379
-3378
-3390
-3391
-3396
-3395
-3396
-3393
-3399
-3399
-3396
-3393
-3399
-3401
-3410
-3400
-3407
-3405
-3401
-3396
-3396
-3401
-3399
-3404
-3405
-3403
-3399
-3390
-3391
-3389
-3384
-3388
-3381
-3381
-3385
-3383
-3387
-3385
-3369
-3365
-3366
-3368
-3365
-3364
-3364
-3359
-3360
-3359
-3357
-3360
-3365
-3367
-3367
-3370
-3375
-3373
-3365
-3364
-3361
-3363
-3362
-3367
-3368
-3368
-3362
-3361
-3357
-3351
-3348
-3352
-3344
-3332
-3327
-3329
-3335
-3332
-3325
-3315
-3315
-3313
-3307
-3298
-3295
-3292
-3291
-3284
-3275
-3271
-3265
-3262
-3269
-3272
-3278
-3278
-3280
-3280
-3276
-3270
-3263
-3265
-3271
-3269
-3271
-3269
-3259
-3253
-3242
-3233
-3232
-3234
-3231
-3225
-3230
-3230
-3230
-3226
-3226
-3229
-3231
-3224
-3215
-3206
-3209
-3211
-3212
-3208
-3208
-3220
-3232
-3233
-3241
-3244
-3244
-3246
-3240
-3244
-3248
-3257
-3258
-3255
-3263
-3263
-3266
-3264
-3261
-3254
-3255
-3257
-3256
-3253
-3254
-3249
-3243
-3237
-3222
-3220
-3234
-3244
-3251
-3250
-3248
-3243
-3243
-3248
-3252
-3245
-3251
-3249
-3245
-3240
-3245
-3247
-3243
-3243
-3248
-3244
-3238
-3225
-3215
-3214
-3215
-3210
-3206
-3203
-3202
-3196
-3191
-3184
-3184
-3187
-3189
-3189
-3197
-3201
-3205
-3201
-3210
-3220
-3221
-3229
-3238
-3241
-3234
-3236
-3233
-3241
-3243
-3245
-3251
-3254
-3242
-3240
-3253
-3253
-3258
-3266
-3266
-3263
-3255
-3244
-3245
-3246
-3236
-3228
-3222
-3209
-3205
-3197
-3197
-3202
-3200
-3195
-3197
-3206
-3208
-3217
-3224
-3224
-3219
-3224
-3229
-3228
-3231
-3231
-3230
-3218
-3216
-3215
-3218
-3217
-3213
-3209
-3210
-3207
-3200
-3189
-3175
-3178
-3186
-3186
-3177
-3163
-3158
-3162
-3162
-3169
-3169
-3156
-3152
-3153
-3159
-3155
-3142
-3142
-3138
-3134
-3122
-3120
-3119
-3118
-3116
-3108
-3103
-3104
-3092
-3085
-3083
-3083
-3090
-3090
-3080
-3079
-3073
-3070
-3063
-3065
-3064
-3061
-3049
-3045
-3045
-3035
-3038
-3030
-3031
-3025
-3016
-3006
-2998
-2991
-2989
-2982
-2977
-2962
-2947
-2939
-2940
-2939
-2925
-2915
-2912
-2911
-2905
-2884
-2886
-2886
-2871
-2864
-2848
-2847
-2852
-2844
-2835
-2837
-2836
-2828
-2822
-2820
-2807
-2801
-2797
-2790
-2784
-2770
-2768
-2761
-2756
-2738
-2730
-2716
-2706
-2708
-2707
-2697
-2688
-2680
-2665
-2659
-2655
-2638
-2634
-2647
-2641
-2633
-2630
-2628
-2622
-2618
-2615
-2622
-2616
-2614
-2612
-2596
-2595
-2601
-2612
-2613
-2613
-2607
-2612
-2613
-2604
-2599
-2600
-2598
-2601
-2596
-2602
-2609
-2596
-2586
-2564
-2560
-2552
-2547
-2535
-2538
-2543
-2544
-2538
-2536
-2530
-2517
-2510
-2502
-2506
-2508
-2509
-2515
-2511
-2509
-2503
-2502
-2494
-2489
-2477
-2465
-2465
-2464
-2468
-2455
-2444
-2440
-2432
-2438
-2443
-2453
-2459
-2456
-2456
-2460
-2468
-2470
-2472
-2477
-2477
-2474
-2464
-2460
-2457
-2460
-2460
-2457
-2464
-2464
-2474
-2472
-2478
-2481
-2492
-2493
-2498
-2500
-2507
-2508
-2508
-2509
-2515
-2519
-2522
-2512
-2503
-2499
-2494
-2492
-2469
-2471
-2468
-2480
-2478
-2470
-2457
-2455
-2452
-2461
-2460
-2465
-2471
-2476
-2476
-2479
-2488
-2489
-2485
-2491
-2495
-2495
-2498
-2511
-2524
-2527
-2533
-2535
-2533
-2520
-2517
-2505
-2504
-2506
-2502
-2505
-2511
-2510
-2511
-2516
-2513
-2510
-2515
-2503
-2508
-2508
-2498
-2493
-2486
-2479
-2473
-2467
-2467
-2467
-2453
-2443
-2440
-2436
-2430
-2426
-2422
-2421
-2421
-2422
-2421
-2424
-2422
-2419
-2428
-2427
-2424
-2420
-2416
-2406
-2408
-2411
-2405
-2401
-2397
-2385
-2392
-2395
-2393
-2391
-2397
-2399
-2395
-2385
-2388
-2380
-2384
-2383
-2378
-2368
-2365
-2359
-2350
-2343
-2342
-2330
-2337
-2336
-2339
-2342
-2350
-2351
-2362
-2355
-2344
-2339
-2331
-2319
-2321
-2322
-2313
-2316
-2316
-2316
-2314
-2320
-2318
-2312
-2306
-2300
-2295
-2290
-2280
-2283
-2288
-2291
-2289
-2283
-2277
-2264
-2258
-2251
-2237
-2234
-2233
-2227
-2233
-2236
-2238
-2243
-2240
-2241
-2253
-2251
-2251
-2237
-2232
-2222
-2223
-2215
-2212
-2205
-2201
-2199
-2181
-2171
-2162
-2157
-2157
-2154
-2164
-2169
-2170
-2147
-2141
-2144
-2141
-2132
-2125
-2122
-2120
-2119
-2116
-2101
-2088
-2085
-2081
-2079
-2082
-2081
-2084
-2084
-2077
-2080
-2079
-2066
-2058
-2073
-2073
-2073
-2066
-2064
-2066
-2054
-2044
-2042
-2034
-2030
-2014
-2012
-2008
-2006
-2008
-2003
-2007
-2005
-2001
-2000
-2005
-2001
-1994
-1983
-1977
-1971
-1964
-1959
-1960
-1948
-1942
-1946
-1945
-1944
-1943
-1942
-1945
-1948
-1952
-1955
-1954
-1948
-1947
-1947
-1938
-1928
-1926
-1925
-1922
-1911
-1900
-1892
-1889
-1888
-1896
-1901
-1902
-1902
-1905
-1901
-1897
-1904
-1913
-1915
-1910
-1920
-1921
-1928
-1936
-1937
-1928
-1920
-1911
-1894
-1893
-1880
-1877
-1886
-1881
-1869
-1867
-1861
-1858
-1851
-1846
-1846
-1844
-1843
-1843
-1847
-1850
-1852
-1854
-1853
-1839
-1826
-1824
-1826
-1828
-1827
-1839
-1839
-1843
-1841
-1831
-1822
-1816
-1815
-1807
-1803
-1797
-1804
-1801
-1793
-1787
-1784
-1779
-1776
-1773
-1769
-1766
-1755
-1765
-1765
-1762
-1755
-1749
-1746
-1749
-1746
-1744
-1743
-1740
-1728
-1726
-1711
-1709
-1698
-1691
-1681
-1667
-1662
-1653
-1651
-1647
-1643
-1649
-1650
-1641
-1642
-1649
-1648
-1641
-1643
-1640
-1633
-1626
-1620
-1606
-1598
-1594
-1600
-1602
-1601
-1590
-1581
-1571
-1571
-1581
-1581
-1588
-1591
-1599
-1601
-1596
-1590
-1578
-1564
-1563
-1552
-1547
-1545
-1548
-1549
-1545
-1534
-1533
-1524
-1513
-1510
-1498
-1489
-1481
-1466
-1463
-1453
-1449
-1437
-1428
-1421
-1415
-1404
-1401
-1392
-1386
-1384
-1374
-1369
-1363
-1360
-1352
-1350
-1346
-1341
-1339
-1325
-1321
-1315
-1304
-1304
-1301
-1296
-1299
-1315
-1315
-1319
-1314
-1308
-1304
-1307
-1308
-1302
-1299
-1301
-1302
-1304
-1312
-1314
-1325
-1321
-1318
-1311
-1308
-1308
-1306
-1296
-1293
-1288
-1289
-1290
-1295
-1308
-1308
-1309
-1315
-1325
-1324
-1329
-1330
-1328
-1320
-1308
-1301
-1310
-1316
-1314
-1314
-1314
-1324
-1320
-1318
-1313
-1317
-1327
-1326
-1331
-1337
-1328
-1329
-1319
-1323
-1324
-1327
-1329
-1329
-1330
-1330
-1335
-1345
-1343
-1343
-1337
-1343
-1352
-1351
-1345
-1332
-1321
-1315
-1319
-1319
-1308
-1294
-1296
-1310
-1314
-1323
-1318
-1311
-1314
-1310
-1312
-1321
-1323
-1329
-1332
-1338
-1340
-1344
-1340
-1351
-1348
-1349
-1340
-1328
-1325
-1323
-1324
-1323
-1319
-1319
-1317
-1322
-1324
-1325
-1316
-1295
-1286
-1280
-1270
-1269
-1277
-1267
-1284
-1297
-1299
-1291
-1292
-1295
-1298
-1301
-1294
-1292
-1292
-1287
-1288
-1285
-1278
-1286
-1289
-1290
-1289
-1284
-1281
-1276
-1272
-1268
-1272
-1283
-1282
-1279
-1273
-1264
-1265
-1253
-1246
-1248
-1240
-1232
-1217
-1218
-1215
-1206
-1199
-1210
-1214
-1217
-1217
-1215
-1213
-1215
-1219
-1213
-1214
-1221
-1226
-1227
-1228
-1218
-1219
-1218
-1223
-1214
-1210
-1210
-1216
-1217
-1217
-1215
-1221
-1214
-1217
-1222
-1227
-1224
-1223
-1212
-1208
-1213
-1213
-1199
-1198
-1182
-1170
-1163
-1162
-1153
-1136
-1130
-1120
-1116
-1112
-1115
-1120
-1124
-1135
-1144
-1146
-1137
-1130
-1135
-1149
-1153
-1166
-1164
-1158
-1150
-1148
-1151
-1153
-1149
-1140
-1147
-1154
-1150
-1154
-1159
-1159
-1151
-1147
-1143
-1150
-1149
-1149
-1160
-1160
-1156
-1148
-1147
-1158
-1159
-1152
-1143
-1151
-1155
-1148
-1155
-1158
-1157
-1154
-1151
-1155
-1163
-1159
-1155
-1161
-1164
-1174
-1178
-1169
-1171
-1176
-1168
-1155
-1150
-1151
-1135
-1139
-1130
-1123
-1116
-1110
-1102
-1084
-1075
-1064
-1062
-1061
-1054
-1048
-1046
-1045
-1051
-1048
-1047
-1050
-1042
-1039
-1029
-1028
-1019
-1008
-1009
-1014
-1020
-1021
-1009
-1004
-995
-987
-983
-985
-969
-967
-962
-962
-952
-955
-957
-971
-978
-987
-995
-998
-1004
-1002
-995
-1000
-995
-987
-981
-972
-961
-956
-942
-938
-933
-928
-916
-902
-894
-883
-881
-888
-891
-892
-890
-893
-899
-904
-914
-916
-913
-912
-915
-918
-920
-919
-919
-916
-917
-917
-907
-911
-913
-917
-921
-916
-916
-902
-889
-890
-888
-883
-876
-871
-883
-881
-876
-872
-878
-883
-886
-884
-874
-867
-856
-852
-842
-835
-837
-845
-853
-849
-844
-841
-842
-847
-848
-843
-835
-840
-838
-833
-827
-815
-822
-812
-815
-815
-805
-799
-805
-804
-805
-802
-805
-804
-796
-791
-791
-789
-787
-781
-780
-774
-778
-779
-778
-770
-765
-754
-753
-745
-729
-722
-721
-720
-720
-720
-720
-712
-705
-698
-691
-688
-682
-679
-670
-664
-665
-664
-665
-656
-653
-650
-649
-646
-647
-633
-619
-616
-609
-605
-604
-600
-602
-604
-595
-578
-575
-568
-571
-573
-570
-563
-565
-563
-559
-549
-547
-548
-551
-551
-559
-557
-555
-551
-539
-531
-526
-517
-503
-501
-506
-507
-505
-504
-504
-507
-508
-510
-517
-513
-519
-517
-517
-516
-515
-510
-507
-494
-488
-480
-478
-474
-477
-482
-479
-487
-489
-490
-490
-494
-488
-485
-485
-488
-493
-498
-500
-501
-501
-510
-511
-514
-520
-521
-518
-526
-527
-524
-529
-534
-534
-537
-543
-542
-539
-543
-545
-543
-540
-533
-539
-543
-548
-544
-539
-531
-528
-528
-522
-515
-504
-495
-496
-481
-475
-475
-464
-464
-451
-459
-462
-448
-439
-425
-421
-417
-410
-399
-392
-390
-388
-379
-371
-373
-367
-365
-356
-356
-356
-357
-351
-357
-358
-352
-347
-345
-347
-351
-356
-356
-346
-344
-356
-376
-384
-388
-393
-394
-395
-394
-391
-391
-384
-379
-383
-387
-395
-398
-402
-402
-398
-401
-405
-412
-412
-413
-414
-416
-416
-422
-421
-422
-424
-421
-419
-415
-400
-403
-395
-384
-384
-384
-376
-381
-380
-384
-392
-388
-377
-375
-373
-362
-357
-343
-333
-335
-329
-333
-334
-334
-331
-318
-312
-309
-305
-296
-301
-308
-304
-307
-300
-307
-311
-307
-309
-316
-317
-313
-308
-306
-307
-309
-311
-316
-322
-323
-329
-326
-330
-333
-336
-335
-328
-324
-325
-324
-324
-320
-316
-306
-309
-300
-291
-289
-296
-299
-300
-297
-295
-282
-287
-291
-305
-301
-309
-310
-312
-316
-312
-307
-309
-299
-293
-297
-288
-283
-276
-285
-287
-290
-292
-295
-289
-280
-276
-275
-272
-266
-264
-269
-275
-285
-285
-282
-285
-278
-273
-266
-243
-246
-252
-256
-266
-271
-269
-271
-265
-266
-268
-265
-271
-269
-281
-279
-287
-286
-283
-286
-283
-281
-269
-267
-261
-253
-250
-225
-224
-213
-195
-191
-177
-175
-175
-175
-174
-167
-166
-159
-157
-158
-163
-163
-159
-148
-151
-161
-167
-167
-165
-161
-163
-158
-159
-153
-148
-150
-155
-161
-163
-170
-183
-183
-183
-192
-187
-190
-193
-202
-207
-211
-219
-227
-234
-237
-238
-239
-250
-255
-250
-246
-252
-255
-257
-253
-248
-253
-246
-249
-251
-264
-264
-270
-269
-262
-253
-260
-263
-266
-261
-254
-245
-244
-251
-269
-274
-271
-266
-257
-243
-228
-223
-209
-199
-195
-193
-194
-195
-182
-178
-171
-166
-164
-169
-168
-150
-143
-149
-146
-147
-144
-148
-146
-134
-122
-115
-103
-96
-101
-99
-100
-106
-116
-122
-126
-139
-143
-146
-148
-147
-148
-148
-150
-146
-149
-144
-136
-131
-122
-113
-105
-100
-89
-83
-75
-72
-66
-77
-82
-91
-97
-105
-108
-113
-101
-89
-93
-97
-98
-97
-96
-94
-96
-100
-105
-105
-106
-101
-94
-85
-84
-71
-76
-75
-76
-74
-63
-62
-63
-62
-65
-70
-66
-58
-65
-70
-78
-82
-81
-89
-99
-97
-94
-102
-107
-102
-108
-114
-113
-115
-115
-108
-96
-100
-97
-92
-87
-78
-79
-82
-81
-87
-83
-83
-85
-106
-108
-113
-114
-102
-91
-85
-83
-78
-74
-71
-67
-79
-83
-81
-70
-59
-55
-54
-59
-57
-54
-51
-51
-50
-52
-54
-47
-47
-51
-51
-52
-45
-43
-43
-50
-57
-50
-40
-38
-40
-39
-36
-32
-41
-42
-47
-47
-46
-57
-55
-47
-44
-42
-45
-52
-60
-57
-63
-68
-65
-62
-60
-58
-53
-46
-44
-49
-51
-45
-43
-44
-43
-34
-18
-11
-3
6
-7
-10
-6
-4
-8
-1
1
2
2
3
1
-4
1
10
23
22
29
31
25
11
7
5
5
7
12
8
6
6
-3
1
4
6
14
18
26
33
43
45
48
49
37
35
39
48
53
54
53
49
45
35
36
32
32
38
39
43
47
32
29
33
34
38
40
36
42
51
61
63
74
79
76
77
84
84
100
104
105
111
119
133
142
143
155
160
175
178
181
180
196
203
208
209
209
215
234
237
249
243
243
242
241
246
243
243
255
255
256
252
250
250
255
265
257
256
250
248
250
265
274
270
259
254
260
259
262
272
273
272
274
284
293
287
282
285
283
295
301
303
303
297
299
312
316
319
323
324
339
336
337
338
337
336
341
342
342
351
359
366
371
373
379
380
380
387
377
377
375
376
383
388
388
387
381
384
392
389
384
398
406
406
407
414
412
415
408
408
410
414
414
414
425
440
444
446
455
457
463
464
453
448
445
442
432
418
415
415
418
423
421
429
434
439
435
425
414
410
404
402
397
394
396
399
407
421
427
433
442
447
459
465
477
478
477
488
497
492
492
496
501
509
507
508
517
507
508
508
507
512
512
510
505
