0 2,341
1 0,1646,8
10 272,4,60,94
100 101
1000 146,2119,2455
1001 1002
1002 1000
1003 1005
1004 695
1005 1004
1006 1008
1007 1006
1008 958
1009 1010,2133
101 1106,9
1010 1011
1011 2341,409
1012 1013
1013 821
1014 1012,1203
1015 212
1016 1017
1017 1015
1018 1020
1019 1018
102 100,1627,872
1020 794
1021 1023,2435
1022 907
1023 1022
1024 1025
1025 1026
1026 160
1027 1029
1028 1027,1521,2080
1029 2894,470
103 105,123,298,333,359,613
1030 1031
1031 556
1032 1030,1683
1033 1034
1034 699
1035 1033,2445
1036 1037,1351
1037 822
1038 1036
1039 149,2003
104 103,181
1040 1041,1099
1041 1039,2161
1042 1044
1043 374
1044 1043,1175
1045 1046
1046 1047
1047 274
1048 832
1049 1048
105 48
1050 1049,1940
1051 275
1052 1051
1053 1052
1054 1056
1055 950
1056 1055
1057 1058,1879
1058 365
1059 1057,1630
106 107,418,707
1060 1061
1061 1360,1749,788
1062 1060
1063 1216,234
1064 1065
1065 1063
1066 1068
1067 1066
1068 608
1069 1071
107 68
1070 202
1071 1070
1072 71
1073 1072,1241
1074 1073
1075 1077
1076 1075
1077 18
1078 1080,1340
1079 414
108 106
1080 1079,2389
1081 689
1082 1081
1083 1082
1084 1086,1762
1085 1084
1086 918
1087 1088
1088 1089
1089 143
109 111
1090 45
1091 1092
1092 1090
1093 282
1094 1093
1095 1094
1096 1098,1697
1097 1096
1098 920
1099 1101,2884
11 10,31,41
110 1930,50
1100 1040,2474
1101 1100
1102 1103
1103 1455,600
1104 1102,1989
1105 1107,1795
1106 1105
1107 101,2460
1108 1109
1109 1110
111 110,265,432
1110 915
1111 888
1112 1111
1113 1112,1512
1114 437
1115 1114,1258
1116 1115
1117 1119,1297
1118 1117
1119 1210,1720,316
112 114
1120 1122
1121 1120
1122 351
1123 1125,1184,2183
1124 1123
1125 2801,48
1126 1128
1127 14,2972
1128 1127
1129 710
113 53,553
1130 1131
1131 1129,1752
1132 1134
1133 1132
1134 140,1446
1135 1137
1136 1135
1137 1365,516
1138 1139,1407,1416
1139 766
114 113,323
1140 1138
1141 1143
1142 711
1143 1142
1144 1265,612
1145 1146,1238
1146 1144,2256,2421
1147 156
1148 1149
1149 1147
115 128,16,276
1150 525
1151 1150
1152 1151,1168,2654
1153 1155
1154 751
1155 1154
1156 519
1157 1158
1158 1156
1159 739
116 117
1160 1161
1161 1159
1162 1163
1163 781
1164 1162
1165 1166
1166 697
1167 1165
1168 1169,2292
1169 1170
117 115,1316,922
1170 1152
1171 1173,1533
1172 1171,2094
1173 738
1174 1044
1175 1176,2910
1176 1174
1177 1178,2451
1178 743
1179 1177
118 119,170,485
1180 579
1181 1182,1436
1182 1180
1183 1123
1184 1185
1185 1183
1186 1187,1724
1187 1188
1188 1901,246
1189 1190
119 120,1913,255,256,504
1190 1191,2788
1191 1569,776
1192 1194,2128
1193 1192
1194 923
1195 1196
1196 1197
1197 98
1198 1200,1990
1199 1198
12 11,15,1554,18
120 3
1200 486
1201 1014
1202 1201,1634
1203 1202
1204 1205
1205 906
1206 1204
1207 1208
1208 956
1209 1207
121 122,552,725
1210 1211
1211 1212
1212 1119
1213 1215,1685
1214 1213
1215 69
1216 1218,1247,1308
1217 1063,1354,1726
1218 1217
1219 221
122 103
1220 1221
1221 1219,1945
1222 339
1223 1222
1224 1223,1430,1784
1225 579
1226 1225
1227 1226,2966
1228 752
1229 1228
123 121
1230 1229,2447
1231 1232
1232 1954,553
1233 1231
1234 1236,2889
1235 1234
1236 701
1237 1239,2306
1238 1237
1239 1145
124 126,846
1240 1242,2267
1241 1240
1242 1073
1243 1245,2402
1244 1243
1245 1557,971
1246 1216
1247 1248
1248 1246
1249 962
125 1506,202,51
1250 1249
1251 1250
1252 5
1253 1252
1254 1253
1255 1257
1256 1255,2717
1257 288
1258 1259
1259 1260
126 125,937
1260 1115
1261 1262,1542
1262 1263
1263 280,2960
1264 1144
1265 1266
1266 1264
1267 705
1268 1269,2541
1269 1267
127 115
1270 1272
1271 454
1272 1271
1273 466
1274 1275
1275 1273,1967
1276 1278,2536
1277 1276
1278 729
1279 788
128 129,2263
1280 1279
1281 1280
1282 1284,2352
1283 952
1284 1283
1285 1286,2461
1286 1287,1292
1287 458
1288 2356,533
1289 1290,1743
129 127
1290 1288
1291 1293,1772
1292 1291
1293 1286,1465
1294 1295
1295 1296
1296 287
1297 1298
1298 1299
1299 1117,2232
13 12,19,577
130 388,90
1300 1302
1301 1300
1302 973
1303 1305
1304 559
1305 1304
1306 1307,1605
1307 1216
1308 1306
1309 1310,1638
131 130,1402
1310 1311
1311 205,2172
1312 1313
1313 1314
1314 351
1315 1317
1316 1315
1317 117
1318 760
1319 1318
132 131,644
1320 1319
1321 1323
1322 529
1323 1322,2489
1324 1326,2947
1325 1324
1326 728
1327 483
1328 1329
1329 1327
133 134,172
1330 1331,2064
1331 1332,2143
1332 428
1333 527
1334 1335,1581
1335 1333
1336 1443,796
1337 1336,2470
1338 1337
1339 1341
134 135,1970,335,513
1340 1339
1341 1078
1342 1853,921
1343 1344,1841
1344 1342
1345 1347,1449
1346 1345
1347 45
1348 435
1349 1350,1566
135 148,47
1350 1348
1351 1353
1352 1036
1353 1352
1354 1356
1355 1217,1761
1356 1355
1357 1359
1358 1357
1359 2533,596
136 138,194
1360 1361
1361 1362
1362 1061
1363 1137,1656
1364 1363
1365 1364
1366 2269,2330,364
1367 1368
1368 1366
1369 1371
137 76
1370 1369
1371 492
1372 926
1373 1374
1374 1372,2405
1375 1377
1376 1643,409
1377 1376
1378 876
1379 1378
138 137,2856,408
1380 1379
1381 1383
1382 1381
1383 642
1384 1386
1385 2236,505
1386 1385
1387 1389
1388 1387
1389 462
139 20,243
1390 1391
1391 501
1392 1390
1393 1394
1394 1395
1395 390
1396 1397,1503
1397 961
1398 1396
1399 636
14 1126,13,2320,625
140 1133,141,1883,268
1400 1399
1401 1400
1402 1404
1403 131,2191,2632
1404 1403
1405 1406
1406 1138,2207
1407 1405,1665,2311
1408 1606,400
1409 1408
141 139,2382
1410 1409
1411 54
1412 1411,1887
1413 1412
1414 1138
1415 1414,1805
1416 1415,1473
1417 1419,2929
1418 638
1419 1418
142 151,237,859,92
1420 1422
1421 1420
1422 1587,1661,2951,323
1423 1425
1424 304
1425 1424
1426 1427,2857
1427 1428
1428 992
1429 1224,2385
143 1087,144
1430 1431
1431 1429
1432 1434,2567
1433 746
1434 1433
1435 1181,1478
1436 1437,1548
1437 1435
1438 557
1439 1438
144 142,585
1440 1439,2095
1441 1442
1442 1336
1443 1441
1444 1134
1445 1444
1446 1445
1447 1448
1448 1345
1449 1447
145 146
1450 1495,2026,454
1451 1452
1452 1450
1453 1103
1454 1453,2579
1455 1454
1456 1534,920
1457 1458
1458 1456
1459 1461
146 1001,147
1460 1459
1461 46
1462 792
1463 1462
1464 1463
1465 1467,2928
1466 1293,2303
1467 1466
1468 1469,1999
1469 1470,2693
147 65
1470 747
1471 1472
1472 1416
1473 1471
1474 153
1475 1474
1476 1475,1898
1477 1435
1478 1479
1479 1477
148 150,301,824,984
1480 1481
1481 855
1482 1480
1483 1485
1484 1483,2347
1485 40
1486 1831,483
1487 1488
1488 1486
1489 1490
149 1040,135,851
1490 1491
1491 779
1492 807
1493 1494
1494 1492
1495 1496
1496 1497
1497 1450
1498 1500
1499 484
15 14,471
150 149,232
1500 1499
1501 1502,2607
1502 1396
1503 1501
1504 125
1505 1504
1506 1505
1507 1508
1508 1509
1509 339
151 153,186,314,593
1510 1113
1511 1510
1512 1511,1537
1513 1514
1514 724
1515 1513
1516 1518
1517 1516
1518 1745,382
1519 1028
152 142
1520 1519
1521 1520
1522 2200,823
1523 1524
1524 1522,1675
1525 1527
1526 1525
1527 645
1528 2186,669
1529 1528
153 1476,152
1530 1529
1531 1171,1571
1532 1531
1533 1532,2553
1534 1536
1535 1456
1536 1535
1537 1538
1538 1539
1539 1512
154 46
1540 1541
1541 1261
1542 1540,2940
1543 1544
1544 763
1545 1543,1997
1546 1436
1547 1546
1548 1547
1549 1550
155 156,1843,679
1550 2025,718
1551 1549
1552 1553
1553 12
1554 1552
1555 1245
1556 1555
1557 1556
1558 2562,522
1559 1558,1855
156 1148,154,809
1560 1559
1561 1563
1562 566
1563 1562
1564 1565
1565 1349,2554
1566 1564
1567 1191
1568 1567
1569 1568
157 159,2701,737
1570 1572,1782
1571 1570
1572 1531
1573 1575
1574 2076,818
1575 1574
1576 475
1577 1578
1578 1576,2573,2803
1579 1580
158 589,87
1580 1334,2047
1581 1579,2252
1582 2157,670
1583 1582
1584 1583,1690
1585 1586
1586 1422
1587 1585
1588 356
1589 1590,2481
159 158,425
1590 1588,2678
1591 1593
1592 1591,2297
1593 984
1594 1596
1595 768
1596 1595,2664
1597 1598,1974
1598 605
1599 1597
16 116,12,51
160 1024,26
1600 1601
1601 1602
1602 446
1603 1604
1604 1306
1605 1603
1606 1608
1607 1408
1608 1607
1609 1610,1673
161 162
1610 1611
1611 271
1612 1613,2244,2745
1613 483
1614 1612
1615 1617
1616 1615
1617 265
1618 1620
1619 1618
162 160
1620 731
1621 1622
1622 604
1623 1621
1624 1625
1625 2100,2619,720
1626 1624
1627 1629
1628 102
1629 1628
163 164,766
1630 1631
1631 1632
1632 1059
1633 1635
1634 1633,2134
1635 1202
1636 1309
1637 1636
1638 1637
1639 2528,315
164 208,44,746
1640 1641
1641 1639
1642 1644
1643 1642
1644 1376
1645 1647,2315
1646 1645
1647 1
1648 1650
1649 1648
165 163
1650 818
1651 1652
1652 194
1653 1651
1654 1363
1655 1654
1656 1655
1657 1659
1658 1657
1659 732
166 2917,70
1660 1662
1661 1660,1790
1662 1422
1663 1407
1664 1663
1665 1664
1666 331
1667 1666
1668 1667,1794
1669 1670
167 168
1670 1671
1671 522
1672 1609
1673 1674
1674 1672
1675 1677
1676 1524
1677 1676
1678 34
1679 1680
168 166,277,817
1680 1678
1681 1032
1682 1681
1683 1682
1684 1686
1685 1684,2658
1686 1213
1687 1689
1688 1687
1689 792
169 171,348,556,829
1690 1691
1691 1692
1692 1584
1693 288
1694 1695
1695 1693
1696 1698
1697 1696
1698 1096
1699 1959,773
17 16,391,674,75
170 169
1700 1701
1701 1699
1702 1704
1703 51
1704 1703
1705 1706
1706 314
1707 1705
1708 1709
1709 1710
171 118
1710 1798,90
1711 405
1712 1711
1713 1712
1714 858
1715 1716,2768
1716 1714
1717 1718,1834
1718 1719,2247
1719 1770,73
172 173
1720 1722
1721 1119,2055
1722 1721
1723 1725,2747
1724 1723
1725 1186,2138
1726 1728
1727 1217,2261
1728 1727
1729 486
173 174,437
1730 1729
1731 1730
1732 1734
1733 492
1734 1733
1735 1737
1736 1860,941
1737 1736
1738 803
1739 1740
174 133
1740 1738
1741 1289
1742 1741,2417
1743 1742
1744 1518,2148,2861
1745 1746
1746 1744
1747 1748
1748 1061
1749 1747,2198,2647
175 177
1750 1751
1751 1131
1752 1750
1753 1754
1754 1755
1755 725
1756 1758
1757 2644,882
1758 1757
1759 1355,1911,2430
176 175,2724,998
1760 1759,2073
1761 1760
1762 1763
1763 1764,2823
1764 1084
1765 1851,205
1766 1767
1767 1765
1768 1719
1769 1768
177 50
1770 1769
1771 1773
1772 1771
1773 1291
1774 1776
1775 1774
1776 471
1777 1779
1778 262
1779 1778
178 180
1780 1570
1781 1780
1782 1781,2942
1783 1224,2980
1784 1785
1785 1783,2030
1786 1787
1787 1788,2615
1788 25
1789 1661
179 37
1790 1791,2108
1791 1789
1792 1793
1793 1668
1794 1792,2995
1795 1797
1796 1105
1797 1796
1798 1799
1799 1800
18 1076,17
180 179
1800 1710
1801 1803
1802 1801
1803 604
1804 1806
1805 1804
1806 1415
1807 1809,1828
1808 2215,7
1809 1808
181 183
1810 1811
1811 2235,479
1812 1810
1813 1815
1814 1813
1815 662
1816 1818
1817 1816
1818 445
1819 1821
182 104,2725,582
1820 922
1821 1820
1822 55
1823 1822
1824 1823,2077
1825 1827
1826 923
1827 1826
1828 1830
1829 1807
183 182,640,801
1830 1829
1831 1832
1832 1833
1833 1486,2141
1834 1836
1835 1717
1836 1835
1837 1838
1838 1839
1839 22
184 185
1840 1343
1841 1842
1842 1840
1843 1845
1844 155,2409
1845 1844
1846 772
1847 1846
1848 1847
1849 1765
185 151
1850 1849
1851 1850
1852 1854
1853 1852,2627
1854 1342
1855 1857
1856 1559
1857 1856
1858 1736
1859 1858
186 184
1860 1859,2387
1861 1862
1862 1863
1863 383
1864 1865
1865 1866
1866 673
1867 1869
1868 395
1869 1868,2901
187 189
1870 1871
1871 902
1872 1870,2127,2869
1873 1874
1874 510
1875 1873
1876 605
1877 1876
1878 1877,1942
1879 1881,2373
188 187
1880 1057,2681
1881 1880
1882 140
1883 1884
1884 1882,2289
1885 1412
1886 1885
1887 1886
1888 582
1889 1888
189 294,5
1890 1889
1891 1892
1892 1893
1893 440
1894 1896
1895 1894,2976
1896 1962,480
1897 1476
1898 1899
1899 1897
19 21,719
190 192
1900 1902
1901 1900
1902 1188
1903 1904
1904 1905
1905 609
1906 1907
1907 1908,2102
1908 2332,33
1909 1910
191 39
1910 1759
1911 1909
1912 119
1913 1914
1914 1912,2300
1915 1917
1916 2978,426
1917 1916
1918 1920
1919 668
192 191
1920 1919
1921 743
1922 1923
1923 1921
1924 1926
1925 1924,2367
1926 668
1927 1929
1928 1927,2369
1929 513
193 195,376
1930 1931
1931 1932
1932 110,2273
1933 1935
1934 2009,474
1935 1934
1936 1938,2576
1937 1936
1938 481
1939 1050
194 1653,193
1940 1941
1941 1939
1942 1944
1943 1878
1944 1943
1945 1946
1946 1947
1947 1221
1948 1949
1949 1950
195 136,596
1950 819
1951 398
1952 1951
1953 1952
1954 1956
1955 1232
1956 1955,2318
1957 1699
1958 1957,1963
1959 1958
196 198,211
1960 1896,2906
1961 1960
1962 1961,2043,2592
1963 1965
1964 1958
1965 1964
1966 1275
1967 1968
1968 1966
1969 134
197 196
1970 1971
1971 1969
1972 1973
1973 1597
1974 1972
1975 1977
1976 2826,765
1977 1976,2294
1978 626
1979 1980
198 206,286,40
1980 1978
1981 389
1982 1981
1983 1982
1984 373
1985 1984
1986 1985
1987 1988
1988 1104
1989 1987
199 201
1990 1991
1991 1992,2829
1992 1198
1993 1995
1994 54
1995 1994
1996 1998
1997 1996
1998 1545
1999 2000
2 3,5
20 13,140,537
200 199
2000 2001
2001 1468
2002 2004
2003 2002
2004 1039
2005 2007,2249
2006 582
2007 2006
2008 1934
2009 2010,2499
201 75
2010 2008
2011 2013
2012 233
2013 2012
2014 2015
2015 368
2016 2014
2017 289
2018 2017
2019 2018
202 1069,203,888
2020 703
2021 2022
2022 2020,2226
2023 1550,2086
2024 2023
2025 2024
2026 2027
2027 2028
2028 1450
2029 2031
203 204,587
2030 2029
2031 1785
2032 2033
2033 766
2034 2032
2035 793
2036 2037
2037 2035
2038 2039
2039 795
204 125,217
2040 2038,2059
2041 2042,2165
2042 1962
2043 2041
2044 2046
2045 2044
2046 741
2047 2049
2048 1580
2049 2048
205 1309,1766,198
2050 2052
2051 240,2751
2052 2051
2053 1721,2196
2054 2053
2055 2054
2056 2057
2057 969
2058 2056,2124
2059 2061
206 207,637,772
2060 2040
2061 2060
2062 1330
2063 2062
2064 2063
2065 432
2066 2065
2067 2066
2068 2069
2069 2070
207 205
2070 989
2071 1760,2400
2072 2071
2073 2072,2335
2074 1574
2075 2074
2076 2075
2077 2078,2259
2078 2079
2079 1824,2346
208 209
2080 2082
2081 1028
2082 2081,2638
2083 2085
2084 591
2085 2084
2086 2088,2482
2087 2023
2088 2087,2957
2089 555
209 210
2090 2089,2712
2091 2090
2092 2093
2093 1172
2094 2092
2095 2097
2096 1440
2097 2096
2098 1625
2099 2098
21 20,396
210 164,2441
2100 2099
2101 2103
2102 2101
2103 1907
2104 2105
2105 2106
2106 313
2107 1790
2108 2109
2109 2107
211 213,805
2110 2111
2111 2112
2112 458
2113 52
2114 2115
2115 2113
2116 681
2117 2118
2118 2116
2119 2121
212 1016,196,466
2120 1000
2121 2120
2122 2123
2123 2058
2124 2122
2125 1872
2126 2125,2218
2127 2126
2128 2130
2129 1192
213 212,223,2485,959
2130 2129
2131 1009
2132 2131
2133 2132
2134 2136
2135 1634
2136 2135
2137 2139
2138 2137
2139 1725
214 357,90,946
2140 2142
2141 2140
2142 1833
2143 2145
2144 1331
2145 2144
2146 1744
2147 2146
2148 2147
2149 2151
215 214,635
2150 2149
2151 769
2152 2153
2153 2154
2154 733
2155 1582
2156 2155
2157 2156
2158 2674,559
2159 2160
216 215
2160 2158
2161 2162
2162 2163
2163 1041
2164 2166
2165 2164
2166 2041
2167 2168
2168 38
2169 2167
217 219
2170 1311
2171 2170
2172 2171
2173 296
2174 2173,2468
2175 2174,2636
2176 2491,516
2177 2176
2178 2177
2179 887
218 204
2180 2179
2181 2180
2182 2184
2183 2182
2184 1123
2185 1528
2186 2187
2187 2185
2188 2190
2189 2188
219 218,2512
2190 957
2191 2192
2192 2193
2193 1403
2194 2195
2195 2053
2196 2194
2197 2199
2198 2197
2199 1749
22 1837,23,35
220 58
2200 2201
2201 2202
2202 1522,2686
2203 516
2204 2205,2526
2205 2203
2206 2208
2207 2206
2208 1406
2209 377
221 1220,220,565
2210 2209
2212 2213
2213 2214
2214 450
2215 2217
2216 1808
2217 2216
2218 2220
2219 2126
222 221
2220 2219
2221 534
2222 2221
2223 2222
2224 2022
2225 2224
2226 2225
2227 2228
2228 2229
2229 74
223 224
2230 1299
2231 2230
2232 2231
2233 2234
2234 1811
2235 2233
2236 2237
2237 2238
2238 1385
2239 2241
224 225,409
2240 2239
2241 369
2242 1612
2243 2242
2244 2243
2245 1718
2246 2245
2247 2246
2248 2250
2249 2248
225 213
2250 2005
2251 1581
2252 2253
2253 2251
2254 2255
2255 1146
2256 2254
2257 2077
2258 2257
2259 2258
226 281,49,671
2260 1727
2261 2262
2262 2260
2263 2265
2264 128
2265 2264
2266 2268
2267 2266
2268 1240
2269 2271
227 228
2270 1366
2271 2270
2272 1932
2273 2274
2274 2272
2275 2277
2276 668
2277 2276
2278 848
2279 2280
228 226,967
2280 2278
2281 2283
2282 2281
2283 681
2284 852
2285 2284
2286 2285,2545
2287 1884,2762
2288 2287
2289 2288
229 231
2290 2291
2291 1168
2292 2290
2293 2295
2294 2293
2295 1977
2296 2298
2297 2296
2298 1592
2299 2301
23 5,869
230 38
2300 2299
2301 1914
2302 1466
2303 2304
2304 2302,2354
2305 1237
2306 2307
2307 2305
2308 953
2309 2308
231 230
2310 2309
2311 2313
2312 1407
2313 2312
2314 1645
2315 2316
2316 2314
2317 1956
2318 2319
2319 2317
232 233,2594
2320 2321
2321 2322
2322 14
2323 2325
2324 2323
2325 827
2326 558
2327 2328
2328 2326
2329 2331,2630
233 2011,234
2330 2329
2331 1366
2332 2334
2333 1908
2334 2333
2335 2336
2336 2337
2337 2073
2338 2339
2339 2340
234 1064,150
2340 955
2341 2342
2342 2343
2343 1011
2344 2345
2345 2079,2359
2346 2344
2347 2348
2348 2349
2349 1484
235 142
2350 1282,2896
2351 2350
2352 2351
2353 2304
2354 2355
2355 2353
2356 2357
2357 2358
2358 1288
2359 2360
236 235,400,462
2360 2361
2361 2345
2362 2363
2363 666
2364 2362
2365 2366
2366 1925
2367 2365
2368 2370
2369 2368
237 236
2370 1928
2371 2372
2372 1879
2373 2371,2990
2374 2376
2375 2374
2376 421
2377 464
2378 2377,2696
2379 2378
238 240,2874
2380 2381
2381 141
2382 2380
2383 2384
2384 1429
2385 2383
2386 1860
2387 2388
2388 2386
2389 2391
239 238
2390 1080
2391 2390
2392 333
2393 2394
2394 2392
2395 880
2396 2397
2397 2395
2398 2399
2399 2071
24 22
240 2050,79
2400 2398
2401 2403
2402 2401
2403 1243
2404 2406,2501
2405 2404
2406 1374
2407 2408
2408 1844
2409 2407
241 139
2410 2411
2411 867
2412 2410
2413 2414
2414 992
2415 2413,2596
2416 2418
2417 2416
2418 1742
2419 2420
242 241
2420 1146
2421 2419
2422 2424
2423 601
2424 2423
2425 358
2426 2427
2427 2425
2428 2429
2429 1759
243 242,365,758
2430 2428
2431 2433
2432 2431
2433 342
2434 2436
2435 2434
2436 1021
2437 2439
2438 2437
2439 803
244 245
2440 210
2441 2442
2442 2440
2443 1035
2444 2443
2445 2444
2446 1230
2447 2448
2448 2446,2518
2449 2450
245 30,434
2450 1177
2451 2449
2452 2454
2453 934
2454 2453
2455 2457
2456 1000
2457 2456
2458 1107
2459 2458
246 1186,244,2846
2460 2459
2461 2462
2462 2463
2463 1285
2464 2465
2465 2466
2466 80
2467 2174
2468 2469
2469 2467
247 248
2470 2471
2471 2472
2472 1337
2473 2475
2474 2473
2475 1100
2476 2478
2477 2476
2478 66
2479 1589
248 77
2480 2479
2481 2480
2482 2483
2483 2484
2484 2086
2485 2487
2486 213
2487 2486
2488 2490
2489 2488
249 247,515,525
2490 1323
2491 2492
2492 2493,2774
2493 2176
2494 327
2495 2496
2496 2494
2497 2009
2498 2497
2499 2498
25 1786,26,45,602
250 252,488,521
2500 2502
2501 2500
2502 2404
2503 845
2504 2503
2505 2504
2506 2507
2507 679
2508 2506
2509 996
251 250,576
2510 2509
2511 2510
2512 2513
2513 2514
2514 219
2515 574
2516 2515
2517 2516
2518 2520
2519 2448
252 2880,70,795,864
2520 2519
2521 682
2522 2521,2833
2523 2522
2524 2204
2525 2524
2526 2525
2527 1639
2528 2529
2529 2527
253 119
2530 2532
2531 2530
2532 604
2533 2535
2534 1359,2699
2535 2534
2536 2538
2537 1276
2538 2537
2539 2540
254 253
2540 1268
2541 2539
2542 2544
2543 844
2544 2543
2545 2546,2613
2546 2547
2547 2286
2548 2601,757
2549 2548
255 254
2550 2549
2551 2552
2552 1533
2553 2551
2554 2556
2555 1565
2556 2555,2705
2557 2558
2558 936
2559 2557
256 258,474
2560 1558
2561 2560
2562 2561
2563 2564
2564 2565
2565 561
2566 2568
2567 2566
2568 1432,2864
2569 2570
257 119,262
2570 974
2571 2569
2572 1578
2573 2574
2574 2572
2575 1936,2849
2576 2577
2577 2575
2578 1454,2925
2579 2580
258 257,295,649
2580 2578
2581 574
2582 2581,2792
2583 2582,2922
2584 381
2585 2586
2586 2584
2587 2589
2588 2587
2589 349
259 261,309,339
2590 1962
2591 2590
2592 2591
2593 2595
2594 2593
2595 232
2596 2597
2597 2598
2598 2415
2599 2600
26 161,5
260 259
2600 2548
2601 2599,2945
2602 2603
2603 887
2604 2602
2605 2606
2606 1501
2607 2605
2608 2610
2609 662
261 832,98
2610 2609
2611 2545
2612 2611
2613 2612
2614 2616
2615 2614,2728
2616 1787
2617 1625
2618 2617
2619 2618
262 1777,263
2620 2621
2621 487
2622 2620
2623 403
2624 2623
2625 2624
2626 1853
2627 2628
2628 2626
2629 2631
263 264
2630 2629
2631 2329
2632 2634
2633 1403
2634 2633
2635 2175
2636 2637
2637 2635
2638 2639
2639 2640
264 257
2640 2082
2641 747
2642 2641
2643 2642
2644 2645
2645 2646
2646 1757
2647 2648
2648 2649
2649 1749
265 1616,266,493
2650 2651
2651 2652
2652 299
2653 2655
2654 2653
2655 1152
2656 1685
2657 2656
2658 2657
2659 2660,2993
266 267,440,820
2660 2661
2661 318
2662 1596
2663 2662
2664 2663
2665 2666
2666 661
2667 2665
2668 2669
2669 688
267 111
2670 2668,2969
2671 57
2672 2671
2673 2672
2674 2676
2675 2158
2676 2675
2677 1590
2678 2679
2679 2677
268 270,490,891
2680 2682
2681 2680
2682 1880
2683 2684
2684 2685
2685 451
2686 2688
2687 2202,2778
2688 2687
2689 2690
269 140,283
2690 2691
2691 531
2692 2694
2693 2692
2694 1469
2695 2697
2696 2695
2697 2378
2698 2700
2699 2698,2738
27 25
270 269
2700 2534
2701 2702
2702 2703
2703 157
2704 2556
2705 2706
2706 2704
2707 2708
2708 677
2709 2707
271 1609,273,528
2710 2711
2711 2090
2712 2710,2811
2713 767
2714 2713
2715 2714
2716 1256
2717 2718
2718 2716,2758
2719 635
272 271,2839
2720 2719
2721 2720
2722 176
2723 2722
2724 2723
2725 2727
2726 182,2936
2727 2726
2728 2730
2729 2615
273 10
2730 2729
2731 43
2732 2733
2733 2731
2734 2735
2735 382
2736 2734
2737 2699
2738 2739
2739 2737
274 1045,275
2740 2741
2741 2867,832
2742 2740
2743 2744
2744 1612
2745 2743
2746 2748
2747 2746
2748 1723
2749 2750
275 1053,115
2750 2051
2751 2749
2752 2753
2753 757
2754 2752
2755 2756
2756 989
2757 2755
2758 2759
2759 2760
276 274
2760 2718
2761 2287
2762 2763
2763 2761
2764 949
2765 2766
2766 2764
2767 2769
2768 2767
2769 1715
277 279
2770 2772
2771 2770
2772 674
2773 2775
2774 2773
2775 2492
2776 2777
2777 2687
2778 2776
2779 2780
278 168
2780 2781
2781 415
2782 770
2783 2784
2784 2782
2785 2786
2786 2787
2787 479
2788 2790
2789 1190
279 278
2790 2789
2791 2793
2792 2791
2793 2582
2794 2795
2795 796
2796 2794
2797 43
2798 2797
2799 2798
28 29,631
280 1261,226
2800 2802
2801 2800
2802 1125
2803 2804
2804 2805
2805 1578
2806 2807
2807 2808
2808 415
2809 2810
281 282,321
2810 2712
2811 2809
2812 314
2813 2812
2814 2813
2815 2817
2816 892
2817 2816
2818 2820,2955
2819 990
282 1095,280,541
2820 2819
2821 2822
2822 1763
2823 2821
2824 1976
2825 2824
2826 2825
2827 2828
2828 1991
2829 2827
283 284
2830 917
2831 2830
2832 2831
2833 2834
2834 2835
2835 2522
2836 2837
2837 2838
2838 540
2839 2840
284 285
2840 2841
2841 272
2842 2843
2843 929
2844 2842
2845 2847
2846 2845
2847 246
2848 2575
2849 2850
285 269
2850 2848
2851 2852
2852 2853
2853 568
2854 2855
2855 138
2856 2854
2857 2858
2858 2859
2859 1426
286 288
2860 2862
2861 2860
2862 1744
2863 2568
2864 2865,2986
2865 2863
2866 2868
2867 2866
2868 2741
2869 2870
287 1294,198
2870 2871
2871 1872
2872 2873
2873 238
2874 2872
2875 2876
2876 34
2877 2875,2883
2878 252
2879 2878
288 1256,1694,287
2880 2879
2881 2882
2882 2877
2883 2881
2884 2886
2885 1099
2886 2885
2887 2888
2888 1234
2889 2887
289 2019,291
2890 2891
2891 2892
2892 420
2893 2895
2894 2893
2895 1029
2896 2898
2897 2350
2898 2897
2899 1869
29 48,612,8
290 289
2900 2899
2901 2900
2902 2904
2903 493
2904 2903
2905 1960
2906 2907
2907 2905
2908 1175
2909 2908
291 353,60
2910 2909
2911 2913
2912 930
2913 2912
2914 296
2915 2914
2916 2915
2917 2918
2918 2919
2919 166
292 293
2920 2583
2921 2920
2922 2921
2923 2578
2924 2923
2925 2924
2926 1465
2927 2926
2928 2927
2929 2931
293 189
2930 1417
2931 2930
2932 2934
2933 2932
2934 792
2935 2726
2936 2937
2937 2935
2938 2939
2939 1542
294 292
2940 2938
2941 1782
2942 2943
2943 2941
2944 2946
2945 2944
2946 2601
2947 2949
2948 1324
2949 2948
295 297
2950 2952
2951 2950
2952 1422
2953 2818
2954 2953
2955 2954
2956 2088
2957 2958
2958 2956
2959 2961
296 2175,258,2916
2960 2959
2961 1263
2962 2963
2963 789
2964 2962
2965 1227
2966 2967
2967 2965
2968 2670
2969 2970
297 296
2970 2968
2971 1127
2972 2973
2973 2971
2974 1895
2975 2974
2976 2975
2977 2979
2978 2977
2979 1916
298 300,455,764,944
2980 2982
2981 1783
2982 2981
2983 505
2984 2985
2985 2983
2986 2987
2987 2988
2988 2864
2989 2373
299 103,2650
2990 2991
2991 2989
2992 2994
2993 2992
2994 2659
2995 2996
2996 2997
2997 1794
2998 2999
2999 3000
3 1,118,310
30 246,28
300 299
3000 702
301 303
302 148,688
303 302
304 1423,306
305 304,655
306 4
307 259
308 307
309 308
31 33,351
310 312
311 3
312 311
313 151,2104,383
314 1707,2814,315,775
315 1640,313,798
316 1118,317
317 318,648
318 2659,8
319 281,450,696
32 11,723
320 319
321 320
322 114
323 1421,324,664
324 322
325 95
326 325
327 2495,326
328 329
329 330,519,562
33 1906,32,464
330 73
331 103,1668,607,705
332 331
333 2393,332
334 134,345
335 336
336 334
337 259
338 337
339 1224,1507,338,547,742
34 1679,2877,36
340 342
341 340,480
342 0,2432,792
343 334
344 343
345 344,505
346 347
347 169,728
348 346,369
349 2588,350
35 34,39
350 31,417
351 1121,1312,349
352 354,605
353 352,598
354 291
355 356
356 1589,214
357 355
358 103,2426
359 360
36 22
360 358
361 363
362 40
363 362
364 1367,243,847
365 1059,366
366 364,965
367 368
368 2016,348
369 2240,367
37 178,35
370 372
371 74
372 371,677
373 1986,49
374 1042,373,379,668
375 374
376 378
377 193
378 377
379 380
38 2169,229,37,385
380 381
381 2585,374
382 1517,2736,384
383 1861,382
384 313
385 386
386 387
387 38
388 390
389 130,1983
39 190,38,61
390 1393,389
391 392
392 393
393 17
394 21
395 1867,394
396 395
397 398,445
398 1953,44
399 397
4 12,2,305,78
40 11,1484,197,361
400 1410,401,404
401 402
402 236,444
403 2625,405
404 403
405 1713,400
406 407,622,717,980
407 138,413
408 406,570
409 1009,1375,411
41 42
410 224
411 410
412 414
413 412
414 1078,407
415 2779,2806,350,735
416 415
417 416,915
418 419
419 420
42 40
420 106,2890
421 2375,423
422 855,90,906
423 422
424 159
425 426
426 1915,424
427 428
428 1330,55
429 427,481
43 25,2732,2799,57
430 111
431 430
432 2067,431
433 435,453
434 433,498
435 1349,245,954
436 173,769
437 1116,438
438 436
439 266,661
44 165,399,43,87
440 1891,441,918
441 439
442 443
443 402
444 442
445 1817,447
446 1600,397
447 446
448 449
449 319
45 1091,1346,44
450 2212,448
451 2683,433
452 451,457
453 452
454 1270,1451,298
455 456,477,781
456 454
457 459
458 1285,2110,452
459 458,629
46 1460,155,29,67,91
460 461
461 236
462 1388,460
463 33
464 2379,465
465 463
466 1274,467,815
467 468
468 212
469 470,699
47 133,46
470 1028,15
471 1775,469
472 473
473 256
474 1933,472,561,898
475 1577,476
476 455
477 475,995
478 479
479 1812,2785,341
48 104,1124,47,54
480 1895,478
481 1937,483
482 429
483 1328,1487,1614,482
484 1498,486
485 484
486 118,1199,1731
487 250,2622,702
488 489
489 487
49 16,227,375
490 491
491 492
492 1370,1732,268
493 2902,495
494 265
495 494
496 434
497 496
498 497
499 540,73
5 1254,188,24,27,6,82
50 109,176,49
500 501,893
501 1392,499
502 503
503 119
504 502
505 1384,2984,507,619
506 345
507 506
508 509
509 510
51 124,1702,50
510 1875,56
511 134
512 511
513 1928,512
514 516
515 514
516 1136,2178,2204,249,974
517 329
518 517
519 1157,518
52 2114,53
520 522
521 520,813
522 1560,1669,250
523 524
524 249
525 1152,523
526 271,530,616
527 1334,526
528 527
529 1321,526
53 112,48
530 531,755
531 2689,529,751
532 534
533 1289,532
534 2223,86
535 536
536 20
537 535
538 499
539 538
54 1413,1993,52
540 2836,539,684
541 542
542 543
543 282
544 546
545 544
546 63
547 548
548 549
549 339
55 1824,429,43,972
550 551
551 121,658
552 550
553 1233,554
554 555
555 113,2091
556 1032,558
557 1440,169,714
558 2327,557
559 1303,2159,474
56 508,55
560 559,951
561 2563,560
562 564
563 329
564 563,827
565 566,573
566 1561,567,907
567 221
568 2851,408
569 568
57 2673,56,65
570 569
571 572
572 565
573 571
574 2517,2583,575
575 251
576 574
577 579,653
578 13,835,858
579 1181,1227,578
58 222,59,97
580 581
581 182
582 1890,2005,580
583 144
584 583
585 584
586 203,692
587 588,921
588 586
589 590,942
59 10,90
590 591
591 158,2083,802
592 594
593 592
594 151
595 597
596 1358,595
597 195
598 600
599 353
6 4,70
60 290,58
600 1104,599
601 2422,25
602 603
603 601
604 1623,1802,2531,606
605 1599,1878,604
606 352,962
607 608
608 1067,609
609 1903,331
61 63,785
610 29
611 610
612 1145,611
613 615
614 103,867
615 614
616 618
617 526
618 617
619 621
62 39
620 505
621 620
622 623
623 624
624 406
625 627
626 14,1979
627 626,911
628 630,739
629 628,730
63 545,62
630 459
631 632
632 633
633 28
634 636
635 2721,634
636 1401,215
637 639
638 1417,206
639 638
64 57
640 642,925
641 183
642 1382,641
643 645
644 643
645 132,1526
646 647
647 317
648 646
649 651
65 145,66,79
650 258
651 650
652 577
653 654
654 652
655 656
656 657,710
657 305
658 660
659 551
66 2477,64
660 659
661 2667,662
662 1814,2608,663
663 439
664 666
665 323
666 2364,665
667 374
668 1918,1925,2275,669
669 1530,667
67 69
670 1584,672
671 670
672 226,978
673 17,1864
674 2771,675
675 673,876
676 372
677 2709,678,881
678 676
679 2508,680,987
68 108,46
680 681
681 155,2117,2282
682 2523,540
683 682
684 683
685 90
686 687
687 685
688 2670,689
689 1083,690
69 1214,68
690 302
691 586
692 693
693 691
694 319
695 1003,694
696 695
697 1167,469
698 697
699 1035,698
7 1,1807
70 167,251,71,780
700 701
701 1235,487
702 2998,700
703 2021,704
704 331
705 1268,703
706 708
707 706
708 106
709 711
71 1074,72
710 1130,709
711 1141,656
712 557
713 712
714 713
715 716,991
716 406
717 715
718 1551,720
719 718
72 6
720 1626,19
721 32
722 721
723 722
724 121,1515
725 1753,726
726 724
727 347
728 1325,729
729 1277,727
73 17,1717,328,500
730 732
731 1619,629
732 1658,731
733 2152,415
734 733
735 734
736 738
737 736
738 1172,157
739 1160,741
74 2227,370,73
740 628
741 2045,740
742 743
743 1179,1922,744
744 339
745 164
746 1432,747
747 1468,2643,745
748 750
749 748
75 200,74
750 99
751 1153,752
752 1230,753
753 531
754 756
755 754
756 530
757 243,2550,2754
758 759
759 757
76 136,4
760 1320,761
761 762
762 95
763 1545,298
764 765
765 1975,763
766 1140,2034,768
767 163,2715
768 1594,767
769 2150,771
77 249,76
770 2783,436
771 770
772 1848,773
773 1700,774
774 206
775 776
776 1189,777
777 314
778 70
779 1489,778
78 77
780 779
781 1164,782
782 783
783 455
784 61
785 786
786 784
787 789,903
788 1062,1281,787
789 2964,8
79 239,80
790 342
791 790
792 1464,1688,2933,791
793 2036,794
794 1019,252
795 2040,793
796 1338,2796,315
797 796
798 797
799 183
8 30,316,788,895,9
80 2464,81
800 799
801 800
802 803
803 1739,2438,804
804 591
805 806
806 807
807 1493,211
808 156
809 810
81 65
810 808
811 812
812 521
813 811
814 466
815 816
816 814
817 819
818 1573,1649,168
819 1948,818
82 84
820 822
821 1014,266
822 1038,821
823 148,1523
824 825
825 823
826 564
827 2324,828
828 826
829 830
83 5
830 831
831 169
832 1050,2742,833
833 834
834 261
835 837
836 578
837 836
838 840
839 84
84 83,838
840 839
841 93
842 843
843 841
844 2542,845
845 124,2505
846 844
847 849
848 2279,364
849 848
85 44
850 149
851 852
852 2286,850
853 422
854 853
855 1482,854
856 578
857 856
858 1715,857
859 860
86 533,85
860 861
861 142
862 863
863 252,931
864 862
865 614
866 865
867 2412,866
868 870
869 868
87 157,86
870 23
871 873
872 871
873 102
874 875
875 675
876 1380,874
877 97
878 877,884
879 878
88 89
880 2396,677
881 882
882 1756,880
883 885
884 883
885 878
886 202
887 2181,2604,886
888 1113,887
889 268
89 59
890 889
891 890
892 2815,500
893 894
894 892
895 896
896 897
897 8
898 900
899 474
9 102,7
90 132,1708,216,421,686,88
900 899,988
901 902
902 1872,787
903 901
904 905,957
905 422
906 1206,904
907 1021,908
908 909
909 566
91 92
910 912
911 910
912 627
913 417
914 913
915 1108,914
916 917
917 2832,440
918 1085,916
919 587
92 143,93,936
920 1097,1457,919
921 1343,920
922 1819,923
923 1193,1825,924
924 117
925 927
926 1373,640
927 926
928 929
929 2844,95
93 46,842
930 2911,928
931 932
932 933
933 863
934 2452,935
935 92
936 2559,934
937 938
938 939
939 126
94 96
940 941
941 1735,589
942 940
943 945
944 943
945 298
946 948
947 214
948 947
949 2765,950
95 10,327,760,930
950 1054,560
951 949
952 1282,953
953 2310,435
954 952
955 2338,904
956 1209,955
957 2189,956
958 1007,213
959 960
96 95
960 958
961 1398,963
962 1251,961
963 606
964 366
965 966
966 964
967 969
968 228
969 2058,968
97 879,98
970 971
971 1244,55
972 970
973 1301,975
974 2571,973
975 516
976 977
977 672
978 976
979 406
98 1195,260,99
980 981
981 979
982 148
983 982
984 1592,983
985 986
986 679
987 985
988 990
989 2068,2757,900
99 58,749
990 2818,989
991 993
992 1426,2415,715
993 992
994 477
995 996
996 2511,994
997 176
998 999
999 997